5.332586e+02
5.131518e+02
4.850355e+02
4.611132e+02
4.422941e+02
4.261598e+02
4.135543e+02
3.960618e+02
3.840054e+02
3.709744e+02
3.618271e+02
3.521014e+02
3.439234e+02
3.361832e+02
3.282722e+02
3.219018e+02
3.149035e+02
3.086210e+02
3.028464e+02
2.970076e+02
2.865080e+02
2.822111e+02
2.775736e+02
2.717406e+02
2.685804e+02
2.649812e+02
2.606402e+02
2.582442e+02
2.560627e+02
2.508217e+02
2.476099e+02
2.434872e+02
2.386460e+02
2.314761e+02
2.299775e+02
2.271121e+02
2.254452e+02
2.225908e+02
2.216201e+02
2.198281e+02
2.189748e+02
2.169843e+02
2.156014e+02
2.142238e+02
2.091962e+02
2.082204e+02
2.063617e+02
2.042822e+02
2.023241e+02
2.016259e+02
1.996962e+02
1.984392e+02
1.982054e+02
1.975058e+02
1.969273e+02
1.961087e+02
1.954396e+02
1.945279e+02
1.934555e+02
1.930880e+02
1.920026e+02
1.893993e+02
1.872581e+02
1.856902e+02
1.837944e+02
1.777307e+02
1.756770e+02
1.735788e+02
1.697561e+02
1.687021e+02
1.679303e+02
1.670229e+02
1.662766e+02
1.651124e+02
1.641255e+02
1.640309e+02
1.638462e+02
1.635171e+02
1.619209e+02
1.615889e+02
1.609991e+02
1.605438e+02
1.588564e+02
1.588564e+02
1.587551e+02
1.587551e+02
1.578368e+02
1.577590e+02
1.577590e+02
1.576373e+02
1.575835e+02
1.574285e+02
1.566609e+02
1.563754e+02
1.558335e+02
1.557766e+02
1.551553e+02
1.543778e+02
1.543778e+02
1.540609e+02
1.538560e+02
1.528401e+02
1.523111e+02
1.520542e+02
1.517300e+02
1.515421e+02
1.511117e+02
1.510823e+02
1.498966e+02
1.492983e+02
1.487056e+02
1.482608e+02
1.466978e+02
1.460470e+02
1.458306e+02
1.455769e+02
1.449014e+02
1.444115e+02
1.442100e+02
1.440745e+02
1.440745e+02
1.440387e+02
1.437167e+02
1.437167e+02
1.437167e+02
1.435812e+02
1.432466e+02
1.429178e+02
1.424626e+02
1.421485e+02
1.420130e+02
1.419363e+02
1.412628e+02
1.410424e+02
1.404224e+02
1.404224e+02
1.400544e+02
1.396759e+02
1.390592e+02
1.390592e+02
1.389903e+02
1.389114e+02
1.388425e+02
1.388114e+02
1.386007e+02
1.385697e+02
1.375423e+02
1.363607e+02
1.362116e+02
1.350171e+02
1.350171e+02
1.229839e+02
1.229839e+02
1.227351e+02
1.226153e+02
1.226153e+02
1.224411e+02
1.224411e+02
1.221583e+02
1.221583e+02
1.221583e+02
1.216697e+02
1.216697e+02
1.215280e+02
1.215280e+02
1.215280e+02
1.208980e+02
1.207563e+02
1.207563e+02
1.207563e+02
1.207563e+02
1.207563e+02
1.207563e+02
1.207563e+02
1.205866e+02
1.205866e+02
1.205866e+02
1.201097e+02
1.201097e+02
1.201097e+02
1.196207e+02
1.196207e+02
1.196207e+02
1.196207e+02
1.196207e+02
1.196207e+02
1.196207e+02
1.196207e+02
1.194309e+02
1.194309e+02
1.194309e+02
1.194309e+02
1.194309e+02
1.194309e+02
1.194309e+02
1.194309e+02
1.194309e+02
1.194309e+02
1.194309e+02
1.194309e+02
1.194309e+02
1.194309e+02
1.194309e+02
1.194309e+02
1.194309e+02
1.185483e+02
1.185483e+02
1.185483e+02
1.183029e+02
1.182935e+02
1.182935e+02
1.182935e+02
1.182935e+02
1.179413e+02
1.179413e+02
1.171904e+02
1.171097e+02
1.170292e+02
1.170292e+02
1.170292e+02
1.168904e+02
1.168099e+02
1.168099e+02
1.166600e+02
1.157536e+02
1.149473e+02
1.149473e+02
1.149473e+02
1.149473e+02
1.149473e+02
1.148456e+02
1.148456e+02
1.146159e+02
1.146159e+02
1.146159e+02
1.144943e+02
1.143740e+02
1.143740e+02
1.143740e+02
1.143740e+02
1.143639e+02
1.143639e+02
1.143639e+02
1.143639e+02
1.143639e+02
1.143639e+02
1.143639e+02
1.143639e+02
1.140391e+02
1.140391e+02
1.140391e+02
1.140391e+02
1.140391e+02
1.140391e+02
1.140391e+02
1.140391e+02
1.140391e+02
1.139445e+02
1.139445e+02
1.139445e+02
1.139445e+02
1.139445e+02
1.133690e+02
1.128066e+02
1.128066e+02
1.128066e+02
1.128066e+02
1.128066e+02
1.128066e+02
1.128066e+02
1.128066e+02
1.128066e+02
1.128066e+02
1.128066e+02
1.128066e+02
1.128066e+02
1.128066e+02
1.128066e+02
1.128066e+02
1.127502e+02
1.127502e+02
1.127502e+02
1.127502e+02
1.127502e+02
1.127502e+02
1.127502e+02
1.127502e+02
1.127502e+02
1.127502e+02
1.127502e+02
1.126141e+02
1.126141e+02
1.126141e+02
1.126141e+02
1.126141e+02
1.126141e+02
1.124357e+02
1.124357e+02
1.124357e+02
1.123377e+02
1.123377e+02
1.109601e+02
1.088710e+02
1.088710e+02
1.068816e+02
1.066105e+02
1.062787e+02
1.061904e+02
1.061149e+02
1.061149e+02
1.061149e+02
1.060382e+02
1.060382e+02
1.060382e+02
1.060382e+02
1.056044e+02
1.052769e+02
1.052769e+02
1.052769e+02
1.052769e+02
1.052769e+02
1.052769e+02
1.052769e+02
1.052769e+02
1.052769e+02
1.052769e+02
1.052769e+02
1.052769e+02
1.052769e+02
1.052769e+02
1.052769e+02
1.052769e+02
1.052769e+02
1.052769e+02
1.052769e+02
1.051993e+02
1.051993e+02
1.049940e+02
1.049940e+02
1.049940e+02
1.049940e+02
1.049940e+02
1.049940e+02
1.049940e+02
1.049940e+02
1.049940e+02
1.049940e+02
1.049940e+02
1.049940e+02
1.049940e+02
1.049940e+02
1.049940e+02
1.049940e+02
1.049940e+02
1.049940e+02
1.049940e+02
1.049940e+02
1.049940e+02
1.049940e+02
1.046924e+02
1.046924e+02
1.046924e+02
1.046924e+02
1.046924e+02
1.046924e+02
1.046924e+02
1.046924e+02
1.046924e+02
1.046924e+02
1.046924e+02
1.046924e+02
1.046924e+02
1.046924e+02
1.046924e+02
1.046924e+02
1.046924e+02
1.045579e+02
1.045579e+02
1.045579e+02
1.045579e+02
1.045579e+02
1.045579e+02
1.045579e+02
1.045579e+02
1.045579e+02
1.045579e+02
1.045579e+02
1.045579e+02
1.045579e+02
1.043851e+02
1.043851e+02
1.043795e+02
1.040794e+02
1.040794e+02
1.040794e+02
1.039439e+02
1.037444e+02
1.036089e+02
1.036089e+02
1.036089e+02
1.035964e+02
1.035964e+02
1.035964e+02
1.035964e+02
1.035964e+02
1.026113e+02
1.026113e+02
1.026113e+02
1.026113e+02
1.026113e+02
1.026113e+02
1.026113e+02
1.026113e+02
1.016048e+02
1.016048e+02
1.016048e+02
1.016048e+02
1.016048e+02
1.016048e+02
1.016048e+02
1.016048e+02
1.016048e+02
1.016048e+02
1.016048e+02
1.016048e+02
1.016048e+02
1.016048e+02
1.016048e+02
1.016048e+02
1.016048e+02
1.016048e+02
1.016048e+02
1.016048e+02
1.016048e+02
1.016048e+02
1.016048e+02
1.016048e+02
1.016048e+02
1.016048e+02
1.016048e+02
1.016048e+02
1.016048e+02
1.016048e+02
1.016048e+02
1.016048e+02
1.014951e+02
1.014951e+02
1.014951e+02
1.014951e+02
1.014951e+02
1.014951e+02
1.014951e+02
1.014951e+02
1.014951e+02
1.014951e+02
1.014951e+02
1.014951e+02
1.014951e+02
1.014951e+02
1.014951e+02
1.014951e+02
1.014951e+02
1.014951e+02
1.014951e+02
1.014951e+02
1.014951e+02
1.014951e+02
1.014951e+02
1.014951e+02
1.014951e+02
1.014951e+02
1.014951e+02
1.014951e+02
1.014951e+02
1.014951e+02
1.014951e+02
1.014951e+02
1.014951e+02
1.014951e+02
1.014951e+02
1.014951e+02
1.014951e+02
1.014951e+02
1.014951e+02
1.014951e+02
1.014951e+02
1.014951e+02
1.014951e+02
1.014951e+02
1.014951e+02
1.014951e+02
1.014951e+02
1.014951e+02
1.011686e+02
1.011686e+02
1.011686e+02
1.011686e+02
1.011686e+02
1.011686e+02
1.011686e+02
1.011686e+02
1.011686e+02
1.011686e+02
1.011686e+02
1.011686e+02
1.011686e+02
1.011686e+02
1.011686e+02
1.011686e+02
1.011686e+02
1.011686e+02
1.011686e+02
1.011686e+02
1.011686e+02
1.011686e+02
1.011686e+02
1.011686e+02
1.011686e+02
1.011686e+02
1.011686e+02
1.011686e+02
1.011686e+02
1.011686e+02
1.011686e+02
1.011686e+02
1.011686e+02
1.011686e+02
1.011686e+02
1.011686e+02
1.011686e+02
1.011686e+02
1.011686e+02
1.011686e+02
1.011686e+02
1.011686e+02
1.011686e+02
1.011686e+02
1.011686e+02
1.011686e+02
1.011686e+02
1.011686e+02
1.011686e+02
1.011686e+02
1.011445e+02
1.011445e+02
1.011445e+02
1.011445e+02
1.011445e+02
1.011445e+02
1.011445e+02
1.011445e+02
1.011445e+02
1.011445e+02
1.011445e+02
1.011445e+02
1.011445e+02
1.011445e+02
1.011445e+02
1.011445e+02
1.011445e+02
1.011445e+02
1.011445e+02
1.011445e+02
1.011445e+02
1.011445e+02
1.011445e+02
1.011445e+02
1.011445e+02
1.011445e+02
1.011445e+02
1.011445e+02
1.011445e+02
1.011445e+02
1.011445e+02
1.011445e+02
1.011445e+02
1.011445e+02
1.011445e+02
1.011445e+02
1.011445e+02
1.011445e+02
1.011445e+02
1.011445e+02
1.011445e+02
1.011445e+02
1.011445e+02
1.011445e+02
1.011445e+02
1.011445e+02
1.011445e+02
1.011445e+02
1.011445e+02
1.011445e+02
1.011445e+02
1.011445e+02
1.011445e+02
1.011445e+02
1.011445e+02
1.011445e+02
1.010237e+02
1.010237e+02
1.010237e+02
1.010237e+02
1.010237e+02
1.010237e+02
1.010237e+02
1.010237e+02
1.010237e+02
1.010237e+02
1.010237e+02
1.010237e+02
1.010237e+02
1.010237e+02
1.010237e+02
1.010237e+02
1.010237e+02
1.010237e+02
1.010237e+02
1.010237e+02
1.010237e+02
1.010237e+02
1.010237e+02
1.010237e+02
1.010237e+02
1.010237e+02
1.010237e+02
1.010237e+02
1.010237e+02
1.010237e+02
1.010237e+02
1.010237e+02
1.010237e+02
1.010237e+02
1.010237e+02
1.010237e+02
1.010237e+02
1.010237e+02
1.010237e+02
1.010237e+02
1.010237e+02
1.010237e+02
1.010237e+02
1.010237e+02
1.010237e+02
1.010237e+02
1.010237e+02
1.010237e+02
1.010237e+02
1.010237e+02
1.010237e+02
1.010237e+02
1.010237e+02
1.010237e+02
1.010237e+02
1.010237e+02
1.010237e+02
1.009791e+02
1.009791e+02
1.009791e+02
1.009791e+02
1.009791e+02
1.009791e+02
1.009791e+02
1.009791e+02
1.009791e+02
1.009791e+02
1.009791e+02
1.009791e+02
1.009791e+02
1.009791e+02
1.009791e+02
1.009791e+02
1.009791e+02
1.009791e+02
1.005487e+02
1.005487e+02
1.005487e+02
1.005487e+02
1.005487e+02
1.005487e+02
1.000267e+02
1.000267e+02
1.000267e+02
1.000267e+02
1.000267e+02
1.000267e+02
1.000267e+02
1.000267e+02
1.000267e+02
1.000267e+02
1.000267e+02
1.000267e+02
1.000267e+02
1.000267e+02
1.000267e+02
1.000267e+02
1.000267e+02
1.000267e+02
1.000267e+02
1.000267e+02
1.000267e+02
1.000267e+02
1.000267e+02
1.000267e+02
1.000267e+02
1.000267e+02
1.000267e+02
1.000267e+02
1.000267e+02
1.000267e+02
1.000267e+02
1.000267e+02
1.000267e+02
1.000267e+02
1.000267e+02
1.000267e+02
1.000267e+02
1.000267e+02
1.000267e+02
1.000267e+02
1.000267e+02
1.000267e+02
1.000267e+02
1.000267e+02
1.000267e+02
1.000267e+02
1.000267e+02
1.000267e+02
1.000267e+02
1.000267e+02
1.000267e+02
1.000267e+02
1.000267e+02
1.000267e+02
1.000267e+02
1.000267e+02
1.000267e+02
1.000267e+02
1.000267e+02
1.000267e+02
1.000267e+02
1.000267e+02
1.000267e+02
1.000267e+02
1.000267e+02
1.000267e+02
1.000267e+02
1.000267e+02
1.000267e+02
1.000267e+02
1.000267e+02
1.000267e+02
1.000267e+02
1.000267e+02
1.000267e+02
1.000267e+02
1.000267e+02
1.000267e+02
1.000267e+02
1.000267e+02
1.000267e+02
1.000267e+02
1.000267e+02
1.000267e+02
1.000267e+02
1.000267e+02
1.000267e+02
1.000267e+02
1.000267e+02
1.000267e+02
1.000267e+02
1.000267e+02
1.000267e+02
1.000267e+02
1.000267e+02
1.000267e+02
1.000267e+02
1.000267e+02
1.000267e+02
1.000267e+02
1.000267e+02
1.000267e+02
1.000267e+02
1.000267e+02
1.000267e+02
1.000267e+02
1.000267e+02
1.000267e+02
1.000267e+02
1.000267e+02
1.000267e+02
1.000267e+02
1.000267e+02
1.000267e+02
9.957491e+01
9.899333e+01
9.899333e+01
9.899333e+01
9.899333e+01
9.899333e+01
9.899333e+01
9.899333e+01
9.890569e+01
9.890569e+01
9.869542e+01
9.788105e+01
9.778617e+01
9.748464e+01
9.748464e+01
9.748464e+01
9.748464e+01
9.748464e+01
9.748464e+01
9.748464e+01
9.748464e+01
9.748464e+01
9.748464e+01
9.748464e+01
9.748464e+01
9.748464e+01
9.748464e+01
9.748464e+01
9.748464e+01
9.748464e+01
9.719162e+01
9.719162e+01
9.719162e+01
9.719162e+01
9.719162e+01
9.719162e+01
9.719162e+01
9.719162e+01
9.719162e+01
9.719162e+01
9.719162e+01
9.719162e+01
9.719162e+01
9.719162e+01
9.719162e+01
9.719162e+01
9.719162e+01
9.719162e+01
9.719162e+01
9.719162e+01
9.719162e+01
9.719162e+01
9.719162e+01
9.719162e+01
9.719162e+01
9.719162e+01
9.719162e+01
9.719162e+01
9.719162e+01
9.719162e+01
9.719162e+01
9.719162e+01
9.719162e+01
9.719162e+01
9.719162e+01
9.719162e+01
9.719162e+01
9.719162e+01
9.719162e+01
9.719162e+01
9.719162e+01
9.719162e+01
9.719162e+01
9.719162e+01
9.719162e+01
9.719162e+01
9.719162e+01
9.719162e+01
9.719162e+01
9.719162e+01
9.719162e+01
9.719162e+01
9.719162e+01
9.719162e+01
9.719162e+01
9.719162e+01
9.719162e+01
9.719162e+01
9.719162e+01
9.719162e+01
9.719162e+01
9.719162e+01
9.719162e+01
9.719162e+01
9.719162e+01
9.719162e+01
9.719162e+01
9.719162e+01
9.719162e+01
9.719162e+01
9.719162e+01
9.719162e+01
9.719162e+01
9.719162e+01
9.719162e+01
9.719162e+01
9.719162e+01
9.618160e+01
9.600353e+01
9.589226e+01
9.570277e+01
9.570277e+01
9.570277e+01
9.570277e+01
9.570277e+01
9.570277e+01
9.570277e+01
9.570277e+01
9.570277e+01
9.570277e+01
9.570277e+01
9.570277e+01
9.570277e+01
9.570277e+01
9.570277e+01
9.570277e+01
9.570277e+01
9.569913e+01
9.569913e+01
9.569913e+01
9.569913e+01
9.569913e+01
9.569913e+01
9.569913e+01
9.569913e+01
9.569913e+01
9.569913e+01
9.569913e+01
9.569913e+01
9.569913e+01
9.569913e+01
9.569913e+01
9.569913e+01
9.569913e+01
9.569913e+01
9.569913e+01
9.569913e+01
9.569913e+01
9.569913e+01
9.569913e+01
9.569913e+01
9.569913e+01
9.569913e+01
9.569913e+01
9.569913e+01
9.569913e+01
9.569913e+01
9.569913e+01
9.569913e+01
9.569913e+01
9.569913e+01
9.569913e+01
9.569913e+01
9.569913e+01
9.569913e+01
9.569913e+01
9.569913e+01
9.569913e+01
9.569913e+01
9.569913e+01
9.569913e+01
9.569913e+01
9.569913e+01
9.569913e+01
9.569913e+01
9.569913e+01
9.569913e+01
9.569913e+01
9.569913e+01
9.569913e+01
9.569913e+01
9.569913e+01
9.569913e+01
9.569913e+01
9.569913e+01
9.569913e+01
9.569913e+01
9.569913e+01
9.569913e+01
9.569913e+01
9.569913e+01
9.569913e+01
9.569913e+01
9.569913e+01
9.569913e+01
9.569913e+01
9.569913e+01
9.569913e+01
9.569913e+01
9.569913e+01
9.569913e+01
9.569913e+01
9.569913e+01
9.569913e+01
9.569913e+01
9.569913e+01
9.569913e+01
9.569913e+01
9.569913e+01
9.569913e+01
9.569913e+01
9.569913e+01
9.569913e+01
9.569913e+01
9.569913e+01
9.569913e+01
9.569913e+01
9.569913e+01
9.521902e+01
9.521902e+01
9.521902e+01
9.521902e+01
9.521902e+01
9.521902e+01
9.521902e+01
9.521902e+01
9.521902e+01
9.521902e+01
9.521902e+01
9.521902e+01
9.521902e+01
9.521902e+01
9.521902e+01
9.521902e+01
9.521902e+01
9.521902e+01
9.521902e+01
9.521902e+01
9.521902e+01
9.521902e+01
9.521902e+01
9.521902e+01
9.521902e+01
9.521902e+01
9.521902e+01
9.521902e+01
9.521902e+01
9.521902e+01
9.521902e+01
9.521902e+01
9.521902e+01
9.521902e+01
9.521902e+01
9.521902e+01
9.521902e+01
9.521902e+01
9.521902e+01
9.521902e+01
9.521902e+01
9.521902e+01
9.521902e+01
9.521902e+01
9.521902e+01
9.521902e+01
9.521902e+01
9.521902e+01
9.521902e+01
9.521902e+01
9.521902e+01
9.521902e+01
9.521902e+01
9.521902e+01
9.521902e+01
9.521902e+01
9.521902e+01
9.521902e+01
9.521902e+01
9.521902e+01
9.521902e+01
9.521902e+01
9.521902e+01
9.521902e+01
9.521902e+01
9.521902e+01
9.521902e+01
9.521902e+01
9.521902e+01
9.521902e+01
9.521902e+01
9.521902e+01
9.521902e+01
9.521902e+01
9.521902e+01
9.521902e+01
9.521902e+01
9.521902e+01
9.521902e+01
9.521902e+01
9.521902e+01
9.521902e+01
9.521902e+01
9.521902e+01
9.521902e+01
9.521902e+01
9.521902e+01
9.521902e+01
9.521902e+01
9.521902e+01
9.521902e+01
9.521902e+01
9.521902e+01
9.521902e+01
9.521902e+01
9.521902e+01
9.521902e+01
9.521902e+01
9.521902e+01
9.521902e+01
9.521902e+01
9.521902e+01
9.521902e+01
9.521902e+01
9.521902e+01
9.521902e+01
9.521902e+01
9.521902e+01
9.521902e+01
9.521902e+01
9.521902e+01
9.521902e+01
9.521902e+01
9.521902e+01
9.521902e+01
9.521902e+01
9.521902e+01
9.521902e+01
9.521902e+01
9.521902e+01
9.521902e+01
9.521902e+01
9.521902e+01
9.521902e+01
9.521902e+01
9.521902e+01
9.521902e+01
9.521902e+01
9.521902e+01
9.521902e+01
9.521902e+01
9.521902e+01
9.521902e+01
9.521902e+01
9.521902e+01
9.521902e+01
9.521902e+01
9.521902e+01
9.521902e+01
9.521902e+01
9.521902e+01
9.521902e+01
9.521902e+01
9.521902e+01
9.521902e+01
9.521902e+01
9.521902e+01
9.521902e+01
9.521902e+01
9.521902e+01
9.521902e+01
9.521902e+01
9.521902e+01
9.521902e+01
9.521902e+01
9.521902e+01
9.521902e+01
9.521902e+01
9.521902e+01
9.521902e+01
9.521902e+01
9.521902e+01
9.521902e+01
9.521902e+01
9.521902e+01
9.521902e+01
9.521902e+01
9.521902e+01
9.521902e+01
9.521902e+01
9.521902e+01
9.521902e+01
9.521902e+01
9.521902e+01
9.521902e+01
9.521902e+01
9.521902e+01
9.521902e+01
9.521902e+01
9.521902e+01
9.521902e+01
9.521902e+01
9.521902e+01
9.521902e+01
9.521902e+01
9.521902e+01
9.521902e+01
9.521902e+01
9.521902e+01
9.521902e+01
9.518129e+01
9.495327e+01
9.495327e+01
9.495327e+01
9.495327e+01
9.495327e+01
9.495327e+01
9.495327e+01
9.495327e+01
9.495327e+01
9.467400e+01
9.467400e+01
9.467400e+01
9.467400e+01
9.467400e+01
9.467400e+01
9.467400e+01
9.467400e+01
9.467400e+01
9.467400e+01
9.467400e+01
9.458683e+01
9.458683e+01
9.458683e+01
9.458683e+01
9.458683e+01
9.458683e+01
9.458683e+01
9.458683e+01
9.458683e+01
9.458683e+01
9.458683e+01
9.458683e+01
9.458683e+01
9.458683e+01
9.458683e+01
9.458683e+01
9.458683e+01
9.458683e+01
9.458683e+01
9.458683e+01
9.458683e+01
9.458683e+01
9.458683e+01
9.458683e+01
9.458683e+01
9.458683e+01
9.458683e+01
9.458683e+01
9.458683e+01
9.458683e+01
9.458683e+01
9.458683e+01
9.458683e+01
9.458683e+01
9.458683e+01
9.458683e+01
9.458683e+01
9.458683e+01
9.458683e+01
9.458683e+01
9.458683e+01
9.458683e+01
9.458683e+01
9.458683e+01
9.458683e+01
9.458683e+01
9.458683e+01
9.458683e+01
9.458683e+01
9.458683e+01
9.458683e+01
9.458683e+01
9.458683e+01
9.458683e+01
9.458683e+01
9.458683e+01
9.458683e+01
9.458683e+01
9.458683e+01
9.458683e+01
9.458683e+01
9.458683e+01
9.458683e+01
9.458683e+01
9.458683e+01
9.458683e+01
9.458683e+01
9.458683e+01
9.458683e+01
9.458683e+01
9.458683e+01
9.458683e+01
9.458683e+01
9.458683e+01
9.458683e+01
9.458683e+01
9.458683e+01
9.458683e+01
9.458683e+01
9.458683e+01
9.458683e+01
9.458683e+01
9.458683e+01
9.458683e+01
9.458683e+01
9.458683e+01
9.458683e+01
9.458683e+01
9.458683e+01
9.458683e+01
9.458683e+01
9.458683e+01
9.458683e+01
9.458683e+01
9.458683e+01
9.458683e+01
9.458683e+01
9.458683e+01
9.458683e+01
9.458683e+01
9.458683e+01
9.458683e+01
9.458683e+01
9.458683e+01
9.458683e+01
9.458683e+01
9.458683e+01
9.458683e+01
9.458683e+01
9.458683e+01
9.458683e+01
9.458683e+01
9.458683e+01
9.458683e+01
9.458683e+01
9.458683e+01
9.458683e+01
9.458683e+01
9.458683e+01
9.458683e+01
9.458683e+01
9.458683e+01
9.458683e+01
9.458683e+01
9.458683e+01
9.458683e+01
9.458683e+01
9.458683e+01
9.458683e+01
9.458683e+01
9.458683e+01
9.458683e+01
9.458683e+01
9.458683e+01
9.458683e+01
9.458683e+01
9.458683e+01
9.458683e+01
9.458683e+01
9.458683e+01
9.458683e+01
9.458683e+01
9.458683e+01
9.458683e+01
9.458683e+01
9.458683e+01
9.458683e+01
9.458683e+01
9.458683e+01
9.458683e+01
9.458683e+01
9.458683e+01
9.458683e+01
9.458683e+01
9.458683e+01
9.458683e+01
9.458683e+01
9.458683e+01
9.458683e+01
9.458683e+01
9.458683e+01
9.458683e+01
9.458683e+01
9.458683e+01
9.458683e+01
9.458683e+01
9.458683e+01
9.458683e+01
9.458683e+01
9.458683e+01
9.458683e+01
9.458683e+01
9.458683e+01
9.458683e+01
9.458683e+01
9.458683e+01
9.458683e+01
9.458683e+01
9.458683e+01
9.458683e+01
9.458683e+01
9.458683e+01
9.458683e+01
9.458683e+01
9.458683e+01
9.458683e+01
9.458683e+01
9.458683e+01
9.458683e+01
9.458683e+01
9.458683e+01
9.458683e+01
9.458683e+01
9.458683e+01
9.458683e+01
9.458683e+01
9.458683e+01
9.458683e+01
9.458683e+01
9.458683e+01
9.458683e+01
9.458683e+01
9.458683e+01
9.403070e+01
9.403070e+01
9.403070e+01
9.403070e+01
9.403070e+01
9.403070e+01
9.403070e+01
9.403070e+01
9.403070e+01
9.403070e+01
9.403070e+01
9.403070e+01
9.403070e+01
9.403070e+01
9.403070e+01
9.403070e+01
9.403070e+01
9.403070e+01
9.403070e+01
9.403070e+01
9.403070e+01
9.403070e+01
9.403070e+01
9.403070e+01
9.403070e+01
9.403070e+01
9.403070e+01
9.403070e+01
9.403070e+01
9.403070e+01
9.403070e+01
9.403070e+01
9.403070e+01
9.403070e+01
9.403070e+01
9.403070e+01
9.403070e+01
9.403070e+01
9.403070e+01
9.403070e+01
9.403070e+01
9.403070e+01
9.403070e+01
9.403070e+01
9.403070e+01
9.403070e+01
9.403070e+01
9.403070e+01
9.403070e+01
9.403070e+01
9.403070e+01
9.403070e+01
9.403070e+01
9.403070e+01
9.403070e+01
9.403070e+01
9.403070e+01
9.403070e+01
9.403070e+01
9.403070e+01
9.403070e+01
9.403070e+01
9.403070e+01
9.403070e+01
9.403070e+01
9.403070e+01
9.403070e+01
9.403070e+01
9.403070e+01
9.403070e+01
9.403070e+01
9.403070e+01
9.403070e+01
9.403070e+01
9.403070e+01
8.707552e+01
8.707552e+01
8.707552e+01
8.707552e+01
8.707552e+01
8.707552e+01
8.707552e+01
8.707552e+01
8.707552e+01
8.707552e+01
8.707552e+01
8.707552e+01
8.707552e+01
8.707552e+01
8.707552e+01
8.707552e+01
8.707552e+01
8.707552e+01
8.707552e+01
8.707552e+01
8.707552e+01
8.707552e+01
8.707552e+01
8.707552e+01
8.707552e+01
8.707552e+01
8.707552e+01
8.707552e+01
8.707552e+01
8.707552e+01
8.707552e+01
8.707552e+01
8.707552e+01
8.707552e+01
8.707552e+01
8.707552e+01
8.707552e+01
8.707552e+01
8.707552e+01
8.707552e+01
8.707552e+01
8.707552e+01
8.707552e+01
8.707552e+01
8.707552e+01
8.707552e+01
8.707552e+01
8.707552e+01
8.707552e+01
8.707552e+01
8.707552e+01
8.707552e+01
8.707552e+01
8.707552e+01
8.707552e+01
8.707552e+01
8.707552e+01
8.707552e+01
8.707552e+01
8.707552e+01
8.707552e+01
8.707552e+01
8.707552e+01
8.707552e+01
8.707552e+01
8.707552e+01
8.707552e+01
8.707552e+01
8.707552e+01
8.707552e+01
8.707552e+01
8.707552e+01
8.707552e+01
8.707552e+01
8.707552e+01
8.707552e+01
8.707552e+01
8.707552e+01
8.707552e+01
8.707552e+01
8.707552e+01
8.707552e+01
8.707552e+01
8.707552e+01
8.707552e+01
8.707552e+01
8.707552e+01
8.707552e+01
8.707552e+01
8.707552e+01
8.707552e+01
8.707552e+01
8.707552e+01
8.707552e+01
8.707552e+01
8.707552e+01
8.707552e+01
8.707552e+01
8.707552e+01
8.707552e+01
8.707552e+01
8.707552e+01
8.707552e+01
8.707552e+01
8.707552e+01
8.707552e+01
8.707552e+01
8.707552e+01
8.707552e+01
8.707552e+01
8.707552e+01
8.707552e+01
8.707552e+01
8.707552e+01
8.707552e+01
8.707552e+01
8.707552e+01
8.707552e+01
8.707552e+01
8.707552e+01
8.707552e+01
8.707552e+01
8.707552e+01
8.707552e+01
8.707552e+01
8.707552e+01
8.707552e+01
8.707552e+01
8.707552e+01
8.707552e+01
8.707552e+01
8.707552e+01
8.707552e+01
8.707552e+01
8.707552e+01
8.707552e+01
8.707552e+01
8.707552e+01
8.707552e+01
8.707552e+01
8.707552e+01
8.707552e+01
8.707552e+01
8.707552e+01
8.707552e+01
8.707552e+01
8.707552e+01
8.707552e+01
8.707552e+01
8.707552e+01
8.707552e+01
8.707552e+01
8.707552e+01
8.707552e+01
8.707552e+01
8.707552e+01
8.707552e+01
8.707552e+01
8.707552e+01
8.707552e+01
8.707552e+01
8.707552e+01
8.707552e+01
8.707552e+01
8.707552e+01
8.707552e+01
8.707552e+01
8.707552e+01
8.707552e+01
8.707552e+01
8.707552e+01
8.707552e+01
8.707552e+01
8.707552e+01
8.707552e+01
8.707552e+01
8.707552e+01
8.707552e+01
8.707552e+01
8.707552e+01
8.707552e+01
8.707552e+01
8.707552e+01
8.707552e+01
8.707552e+01
8.707552e+01
8.707552e+01
8.707552e+01
8.707552e+01
8.707552e+01
8.707552e+01
8.707552e+01
8.707552e+01
8.707552e+01
8.707552e+01
8.707552e+01
8.707552e+01
8.707552e+01
8.707552e+01
8.707552e+01
8.707552e+01
8.707552e+01
8.707552e+01
8.707552e+01
8.707552e+01
8.707552e+01
8.707552e+01
8.707552e+01
8.707552e+01
8.707552e+01
8.707552e+01
8.707552e+01
8.707552e+01
8.707552e+01
8.707552e+01
8.707552e+01
8.707552e+01
8.707552e+01
8.707552e+01
8.707552e+01
8.707552e+01
8.707552e+01
8.707552e+01
8.707552e+01
8.707552e+01
8.707552e+01
8.707552e+01
8.707552e+01
8.707552e+01
8.707552e+01
8.707552e+01
8.707552e+01
8.707552e+01
8.707552e+01
8.707552e+01
8.707552e+01
8.707552e+01
8.707552e+01
8.707552e+01
8.707552e+01
8.707552e+01
8.707552e+01
8.707552e+01
8.707552e+01
8.707552e+01
8.707552e+01
8.707552e+01
8.707552e+01
8.707552e+01
8.707552e+01
8.707552e+01
8.707552e+01
8.707552e+01
8.707552e+01
8.707552e+01
8.707552e+01
8.707552e+01
8.707552e+01
8.707552e+01
8.707552e+01
8.707552e+01
8.707552e+01
8.707552e+01
8.707552e+01
8.707552e+01
8.707552e+01
8.707552e+01
8.707552e+01
8.707552e+01
8.707552e+01
8.707552e+01
8.707552e+01
8.707552e+01
8.707552e+01
8.707552e+01
8.707552e+01
8.707552e+01
8.707552e+01
8.707552e+01
8.707552e+01
8.707552e+01
8.707552e+01
8.707552e+01
8.707552e+01
8.707552e+01
8.707552e+01
8.707552e+01
8.707552e+01
8.707552e+01
8.707552e+01
8.707552e+01
8.707552e+01
8.707552e+01
8.707552e+01
8.707552e+01
8.707552e+01
8.707552e+01
8.707552e+01
8.707552e+01
8.707552e+01
8.700440e+01
8.700440e+01
8.700440e+01
8.700440e+01
8.700440e+01
8.700440e+01
8.700440e+01
8.700440e+01
8.700440e+01
8.700440e+01
8.700440e+01
8.700440e+01
8.700440e+01
8.700440e+01
8.700440e+01
8.700440e+01
8.700440e+01
8.700440e+01
8.700440e+01
8.700440e+01
8.700440e+01
8.700440e+01
8.700440e+01
8.700440e+01
8.700440e+01
8.700440e+01
8.700440e+01
8.700440e+01
8.700440e+01
8.700440e+01
8.700440e+01
8.700440e+01
8.700440e+01
8.700440e+01
8.700440e+01
8.700440e+01
8.700440e+01
8.700440e+01
8.700440e+01
8.700440e+01
8.700440e+01
8.700440e+01
8.700440e+01
8.700440e+01
8.700440e+01
8.700440e+01
8.700440e+01
8.700440e+01
8.700440e+01
8.700440e+01
8.700440e+01
8.700440e+01
8.700440e+01
8.700440e+01
8.700440e+01
8.700440e+01
8.700440e+01
8.700440e+01
8.700440e+01
8.700440e+01
8.700440e+01
8.700440e+01
8.700440e+01
8.700440e+01
8.700440e+01
8.700440e+01
8.700440e+01
8.700440e+01
8.700440e+01
8.700440e+01
8.700440e+01
8.700440e+01
8.700440e+01
8.700440e+01
8.700440e+01
8.700440e+01
8.700440e+01
8.700440e+01
8.700440e+01
8.700440e+01
8.700440e+01
8.700440e+01
8.700440e+01
8.700440e+01
8.700440e+01
8.700440e+01
8.700440e+01
8.700440e+01
8.700440e+01
8.700440e+01
8.700440e+01
8.700440e+01
8.700440e+01
8.700440e+01
8.700440e+01
8.700440e+01
8.700440e+01
8.700440e+01
8.700440e+01
8.700440e+01
8.700440e+01
8.700440e+01
8.700440e+01
8.700440e+01
8.700440e+01
8.700440e+01
8.700440e+01
8.700440e+01
8.700440e+01
8.700440e+01
8.700440e+01
8.700440e+01
8.700440e+01
8.700440e+01
8.700440e+01
8.700440e+01
8.700440e+01
8.700440e+01
8.700440e+01
8.700440e+01
8.700440e+01
8.700440e+01
8.700440e+01
8.700440e+01
8.700440e+01
8.700440e+01
8.700440e+01
8.700440e+01
8.700440e+01
8.700440e+01
8.700440e+01
8.700440e+01
8.700440e+01
8.700440e+01
8.700440e+01
8.700440e+01
8.700440e+01
8.700440e+01
8.700440e+01
8.700440e+01
8.700440e+01
8.700440e+01
8.700440e+01
8.700440e+01
8.700440e+01
8.700440e+01
8.700440e+01
8.700440e+01
8.700440e+01
8.700440e+01
8.700440e+01
8.700440e+01
8.700440e+01
8.700440e+01
8.700440e+01
8.700440e+01
8.700440e+01
8.700440e+01
8.700440e+01
8.700440e+01
8.700440e+01
8.700440e+01
8.700440e+01
8.700440e+01
8.700440e+01
8.700440e+01
8.700440e+01
8.700440e+01
8.700440e+01
8.700440e+01
8.700440e+01
8.700440e+01
8.700440e+01
8.700440e+01
8.700440e+01
8.700440e+01
8.700440e+01
8.700440e+01
8.700440e+01
8.700440e+01
8.700440e+01
8.700440e+01
8.700440e+01
8.700440e+01
8.700440e+01
8.700440e+01
8.700440e+01
8.700440e+01
8.700440e+01
8.700440e+01
8.700440e+01
8.700440e+01
8.700440e+01
8.700440e+01
8.700440e+01
8.700440e+01
8.700440e+01
8.700440e+01
8.700440e+01
8.700440e+01
8.700440e+01
8.700440e+01
8.699247e+01
8.625791e+01
8.625791e+01
8.625791e+01
8.625791e+01
8.625791e+01
8.625791e+01
8.625791e+01
8.625791e+01
8.625791e+01
8.625791e+01
8.625791e+01
8.625791e+01
8.625791e+01
8.625791e+01
8.625791e+01
8.625791e+01
8.625791e+01
8.625791e+01
8.625791e+01
8.625791e+01
8.625791e+01
8.625791e+01
8.625791e+01
8.625791e+01
8.625791e+01
8.625791e+01
8.625791e+01
8.625791e+01
8.625791e+01
8.625791e+01
8.625791e+01
8.625791e+01
8.625791e+01
8.625791e+01
8.625791e+01
8.625791e+01
8.625791e+01
8.625791e+01
8.625791e+01
8.625791e+01
8.625791e+01
8.625791e+01
8.625791e+01
8.625791e+01
8.625791e+01
8.625791e+01
8.625791e+01
8.625791e+01
8.625791e+01
8.625791e+01
8.625791e+01
8.625791e+01
8.625791e+01
8.625791e+01
8.625791e+01
8.625791e+01
8.625791e+01
8.625791e+01
8.625791e+01
8.625791e+01
8.625791e+01
8.625791e+01
8.625791e+01
8.625791e+01
8.625791e+01
8.625791e+01
8.625791e+01
8.625791e+01
8.625791e+01
8.625791e+01
8.625791e+01
8.625791e+01
8.625791e+01
8.625791e+01
8.625791e+01
8.625791e+01
8.625791e+01
8.625791e+01
8.625791e+01
8.625791e+01
8.625791e+01
8.625791e+01
8.625791e+01
8.625791e+01
8.625791e+01
8.625791e+01
8.625791e+01
8.625791e+01
8.625791e+01
8.625791e+01
8.625791e+01
8.625791e+01
8.625791e+01
8.625791e+01
8.625791e+01
8.625791e+01
8.625791e+01
8.625791e+01
8.625791e+01
8.625791e+01
8.625791e+01
8.625791e+01
8.625791e+01
8.625791e+01
8.625791e+01
8.625791e+01
8.625791e+01
8.625791e+01
8.625791e+01
8.625791e+01
8.625791e+01
8.625791e+01
8.625791e+01
8.625791e+01
8.625791e+01
8.625791e+01
8.625791e+01
8.625791e+01
8.625791e+01
8.625791e+01
8.625791e+01
8.625791e+01
8.625791e+01
8.625791e+01
8.625791e+01
8.625791e+01
8.625791e+01
8.625791e+01
8.625791e+01
8.625791e+01
8.625791e+01
8.625791e+01
8.625791e+01
8.625791e+01
8.625791e+01
8.625791e+01
8.625791e+01
8.625791e+01
8.625791e+01
8.625791e+01
8.625791e+01
8.625791e+01
8.625791e+01
8.625791e+01
8.625791e+01
8.625791e+01
8.625791e+01
8.625791e+01
8.625791e+01
8.625791e+01
8.625791e+01
8.625791e+01
8.625791e+01
8.625791e+01
8.625791e+01
8.625791e+01
8.625791e+01
8.625791e+01
8.625791e+01
8.625791e+01
8.625791e+01
8.625791e+01
8.625791e+01
8.625791e+01
8.625791e+01
8.625791e+01
8.625791e+01
8.625791e+01
8.625791e+01
8.625791e+01
8.625791e+01
8.625791e+01
8.625791e+01
8.625791e+01
8.625791e+01
8.625791e+01
8.625791e+01
8.625791e+01
8.625791e+01
8.625791e+01
8.625791e+01
8.625791e+01
8.625791e+01
8.625791e+01
8.625791e+01
8.625791e+01
8.625791e+01
8.625791e+01
8.625791e+01
8.625791e+01
8.625791e+01
8.625791e+01
8.625791e+01
8.625791e+01
8.625791e+01
8.625791e+01
8.625791e+01
8.625791e+01
8.625791e+01
8.625791e+01
8.625791e+01
8.625791e+01
8.625791e+01
8.625791e+01
8.625791e+01
8.625791e+01
8.625791e+01
8.625791e+01
8.625791e+01
8.625791e+01
8.625791e+01
8.625791e+01
8.625791e+01
8.625791e+01
8.625791e+01
8.625791e+01
8.625791e+01
8.625791e+01
8.625791e+01
8.625791e+01
8.625791e+01
8.625791e+01
8.625791e+01
8.625791e+01
8.625791e+01
8.625791e+01
8.625791e+01
8.625791e+01
8.625791e+01
8.625791e+01
8.625791e+01
8.625791e+01
8.625791e+01
8.625791e+01
8.625791e+01
8.625791e+01
8.625791e+01
8.625791e+01
8.625791e+01
8.625791e+01
8.625791e+01
8.625791e+01
8.625791e+01
8.625791e+01
8.625791e+01
8.625791e+01
8.625791e+01
8.625791e+01
8.625791e+01
8.625791e+01
8.625791e+01
8.625791e+01
8.625791e+01
8.625791e+01
8.625791e+01
8.625791e+01
8.625791e+01
8.625791e+01
8.625791e+01
8.625791e+01
8.625791e+01
8.625791e+01
8.625791e+01
8.625791e+01
8.625791e+01
8.625791e+01
8.625791e+01
8.625791e+01
8.625791e+01
8.625791e+01
8.625791e+01
8.625791e+01
8.625791e+01
8.625791e+01
8.625791e+01
8.625791e+01
8.625791e+01
8.625791e+01
8.625791e+01
8.625791e+01
8.625791e+01
8.625791e+01
8.625791e+01
8.625791e+01
8.625791e+01
8.625791e+01
8.625791e+01
8.625791e+01
8.625791e+01
8.625791e+01
8.625791e+01
8.625791e+01
8.625791e+01
8.625791e+01
8.625791e+01
8.625791e+01
8.625791e+01
8.625791e+01
8.625791e+01
8.625791e+01
8.625791e+01
8.625791e+01
8.625791e+01
8.625791e+01
8.625791e+01
8.625791e+01
8.625791e+01
8.625791e+01
8.625791e+01
8.625791e+01
8.625791e+01
8.625791e+01
8.625791e+01
8.625791e+01
8.625791e+01
8.625791e+01
8.625791e+01
8.625791e+01
8.625791e+01
8.625791e+01
8.625791e+01
8.625791e+01
8.625791e+01
8.625791e+01
8.625791e+01
8.625791e+01
8.625791e+01
8.625791e+01
8.625791e+01
8.625791e+01
8.625791e+01
8.625791e+01
8.625791e+01
8.625791e+01
8.625791e+01
8.625791e+01
8.625791e+01
8.625791e+01
8.625791e+01
8.625791e+01
8.625791e+01
8.625791e+01
8.625791e+01
8.625791e+01
8.625791e+01
8.625791e+01
8.625791e+01
8.625791e+01
8.625791e+01
8.625791e+01
8.625791e+01
8.625791e+01
8.625791e+01
8.625791e+01
8.625791e+01
8.625791e+01
8.625791e+01
8.625791e+01
8.625791e+01
8.625791e+01
8.625791e+01
8.625791e+01
8.625791e+01
8.625791e+01
8.625791e+01
8.625791e+01
8.625791e+01
8.625791e+01
8.625791e+01
8.625791e+01
8.625791e+01
8.625791e+01
8.625791e+01
8.625791e+01
8.625791e+01
8.625791e+01
8.625791e+01
8.625791e+01
8.625791e+01
8.625791e+01
8.625791e+01
8.625791e+01
8.625791e+01
8.625791e+01
8.625791e+01
8.625791e+01
8.625791e+01
8.625791e+01
8.625791e+01
8.625791e+01
8.625791e+01
8.625791e+01
8.625791e+01
8.625791e+01
8.625791e+01
8.625791e+01
8.625791e+01
8.625791e+01
8.625791e+01
8.625791e+01
8.625791e+01
8.625791e+01
8.625791e+01
8.625791e+01
8.625791e+01
8.625791e+01
8.625791e+01
8.625791e+01
8.625791e+01
8.625791e+01
8.625791e+01
8.625791e+01
8.625791e+01
8.625791e+01
8.625791e+01
8.625791e+01
8.625791e+01
8.625791e+01
8.625791e+01
8.625791e+01
8.625791e+01
8.625791e+01
8.625791e+01
8.625791e+01
8.625791e+01
8.625791e+01
8.625791e+01
8.625791e+01
8.625791e+01
8.625791e+01
8.625791e+01
8.625791e+01
8.625791e+01
8.625791e+01
8.625791e+01
8.625791e+01
8.625791e+01
8.625791e+01
8.625791e+01
8.625791e+01
8.625791e+01
8.625791e+01
8.625791e+01
8.625791e+01
8.625791e+01
8.625791e+01
8.625791e+01
8.625791e+01
8.625791e+01
8.625791e+01
8.625791e+01
8.625791e+01
8.625791e+01
8.625791e+01
8.625791e+01
8.625791e+01
8.625791e+01
8.625791e+01
8.625791e+01
8.625791e+01
8.625791e+01
8.625791e+01
8.625791e+01
8.625791e+01
8.625791e+01
8.625791e+01
8.625791e+01
8.625791e+01
8.625791e+01
8.625791e+01
8.625791e+01
8.625791e+01
8.625791e+01
8.625791e+01
8.625791e+01
8.625791e+01
8.625791e+01
8.625791e+01
8.625791e+01
8.625791e+01
8.625791e+01
8.625791e+01
8.625791e+01
8.625791e+01
8.625791e+01
8.625791e+01
8.625791e+01
8.625791e+01
8.625791e+01
8.625791e+01
8.625791e+01
8.625791e+01
8.625791e+01
8.625791e+01
8.625791e+01
8.625791e+01
8.625791e+01
8.625791e+01
8.625791e+01
8.625791e+01
8.625791e+01
8.625791e+01
8.625791e+01
8.625791e+01
8.625791e+01
8.625791e+01
8.625791e+01
8.625791e+01
8.625791e+01
8.625791e+01
8.625791e+01
8.625791e+01
8.625791e+01
8.625791e+01
8.625791e+01
8.625791e+01
8.625791e+01
8.625791e+01
8.625791e+01
8.625791e+01
8.625791e+01
8.625791e+01
8.625791e+01
8.625791e+01
8.625791e+01
8.625791e+01
8.625791e+01
8.625791e+01
8.625791e+01
8.625791e+01
8.625791e+01
8.625791e+01
8.625791e+01
8.625791e+01
8.625791e+01
8.625791e+01
8.625791e+01
8.625791e+01
8.625791e+01
8.625791e+01
8.625791e+01
8.625791e+01
8.625791e+01
8.625791e+01
8.625791e+01
8.625791e+01
8.625791e+01
8.625791e+01
8.625791e+01
8.625791e+01
8.625791e+01
8.625791e+01
8.625791e+01
8.625791e+01
8.625791e+01
8.625791e+01
8.625791e+01
8.625791e+01
8.625791e+01
8.625791e+01
8.625791e+01
8.625791e+01
8.625791e+01
8.625791e+01
8.625791e+01
8.625791e+01
8.625791e+01
8.625791e+01
8.625791e+01
8.625791e+01
8.625791e+01
8.625791e+01
8.625791e+01
8.625791e+01
8.625791e+01
8.625791e+01
8.625791e+01
8.625791e+01
8.625791e+01
8.625791e+01
8.625791e+01
8.625791e+01
8.625791e+01
8.625791e+01
8.625791e+01
8.625791e+01
8.625791e+01
8.625791e+01
8.625791e+01
8.625791e+01
8.625791e+01
8.625791e+01
8.625791e+01
8.625791e+01
8.625791e+01
8.625791e+01
8.625791e+01
8.625791e+01
8.625791e+01
8.625791e+01
8.625791e+01
8.625791e+01
8.625791e+01
8.625791e+01
8.625791e+01
8.625791e+01
8.625791e+01
8.625791e+01
8.625791e+01
8.625791e+01
8.625791e+01
8.625791e+01
8.625791e+01
8.625791e+01
8.625791e+01
8.625791e+01
8.625791e+01
8.625791e+01
8.625791e+01
8.625791e+01
8.625791e+01
8.625791e+01
8.625791e+01
8.625791e+01
8.625791e+01
8.625791e+01
8.625791e+01
8.625791e+01
8.625791e+01
8.625791e+01
8.625791e+01
8.625791e+01
8.625791e+01
8.625791e+01
8.625791e+01
8.625791e+01
8.625791e+01
8.625791e+01
8.625791e+01
8.625791e+01
8.625791e+01
8.625791e+01
8.625791e+01
8.625791e+01
8.625791e+01
8.625791e+01
8.625791e+01
8.625791e+01
8.625791e+01
8.625791e+01
8.625791e+01
8.625791e+01
8.625791e+01
8.625791e+01
8.625791e+01
8.625791e+01
8.625791e+01
8.625791e+01
8.625791e+01
8.625791e+01
8.625791e+01
8.625791e+01
8.625791e+01
8.625791e+01
8.625791e+01
8.625791e+01
8.625791e+01
8.625791e+01
8.625791e+01
8.625791e+01
8.625791e+01
8.625791e+01
8.625791e+01
8.625791e+01
8.625791e+01
8.625791e+01
8.625791e+01
8.625791e+01
8.625791e+01
8.625791e+01
8.625791e+01
8.625791e+01
8.625791e+01
8.625791e+01
8.625791e+01
8.625791e+01
8.625791e+01
8.625791e+01
8.625791e+01
8.625791e+01
8.625791e+01
8.625791e+01
8.625791e+01
8.625791e+01
8.625791e+01
8.625791e+01
8.625791e+01
8.625791e+01
8.625791e+01
8.625791e+01
8.625791e+01
8.625791e+01
8.625791e+01
8.625791e+01
8.625791e+01
8.625791e+01
8.625791e+01
8.625791e+01
8.625791e+01
8.625791e+01
8.625791e+01
8.625791e+01
8.625791e+01
8.625791e+01
8.625791e+01
8.625791e+01
8.625791e+01
8.625791e+01
8.625791e+01
8.625791e+01
8.625791e+01
8.625791e+01
8.625791e+01
8.625791e+01
8.625791e+01
8.625791e+01
8.625791e+01
8.625791e+01
8.625791e+01
8.625791e+01
8.625791e+01
8.625791e+01
8.625791e+01
8.625791e+01
8.625791e+01
8.625791e+01
8.625791e+01
8.625791e+01
8.625791e+01
8.625791e+01
8.625791e+01
8.625791e+01
8.625791e+01
8.625791e+01
8.625791e+01
8.625791e+01
8.625791e+01
8.625791e+01
8.625791e+01
8.625791e+01
8.625791e+01
8.625791e+01
8.625791e+01
8.625791e+01
8.625791e+01
8.625791e+01
8.625791e+01
8.625791e+01
8.625791e+01
8.625791e+01
8.625791e+01
8.625791e+01
8.625791e+01
8.625791e+01
8.625791e+01
8.625791e+01
8.625791e+01
8.625791e+01
8.625791e+01
8.625791e+01
8.625791e+01
8.625791e+01
8.625791e+01
8.625791e+01
8.625791e+01
8.625791e+01
8.625791e+01
8.625791e+01
8.625791e+01
8.625791e+01
8.625791e+01
8.625791e+01
8.625791e+01
8.625791e+01
8.625791e+01
8.625791e+01
8.625791e+01
8.625791e+01
8.625791e+01
8.625791e+01
8.625791e+01
8.625791e+01
8.625791e+01
8.625791e+01
8.625791e+01
8.625791e+01
8.625791e+01
8.625791e+01
8.625791e+01
8.625791e+01
8.625791e+01
8.625791e+01
8.625791e+01
8.625791e+01
8.625791e+01
8.625791e+01
8.625791e+01
8.625791e+01
8.625791e+01
8.625791e+01
8.625791e+01
8.625791e+01
8.625791e+01
8.625791e+01
8.625791e+01
8.625791e+01
8.625791e+01
8.625791e+01
8.625791e+01
8.625791e+01
8.625791e+01
8.625791e+01
8.625791e+01
8.625791e+01
8.625791e+01
8.625791e+01
8.625791e+01
8.625791e+01
8.625791e+01
8.625791e+01
8.625791e+01
8.625791e+01
8.625791e+01
8.625791e+01
8.625791e+01
8.625791e+01
8.625791e+01
8.625791e+01
8.625791e+01
8.625791e+01
8.625791e+01
8.625791e+01
8.625791e+01
8.625791e+01
8.625791e+01
8.625791e+01
8.625791e+01
8.625791e+01
8.625791e+01
8.625791e+01
8.625791e+01
8.625791e+01
8.625791e+01
8.625791e+01
8.625791e+01
8.625791e+01
8.625791e+01
8.625791e+01
8.625791e+01
8.625791e+01
8.625791e+01
8.625791e+01
8.625791e+01
8.625791e+01
8.625791e+01
8.625791e+01
8.625791e+01
8.625791e+01
8.625791e+01
8.625791e+01
8.625791e+01
8.625791e+01
8.625791e+01
8.625791e+01
8.625791e+01
8.625791e+01
8.625791e+01
8.625791e+01
8.625791e+01
8.625791e+01
8.625791e+01
8.625791e+01
8.625791e+01
8.625791e+01
8.625791e+01
8.625791e+01
8.625791e+01
8.625791e+01
8.625791e+01
8.625791e+01
8.625791e+01
8.625791e+01
8.625791e+01
8.625791e+01
8.625791e+01
8.625791e+01
8.625791e+01
8.625791e+01
8.625791e+01
8.625791e+01
8.625791e+01
8.625791e+01
8.625791e+01
8.625791e+01
8.625791e+01
8.625791e+01
8.625791e+01
8.625791e+01
8.625791e+01
8.625791e+01
8.625791e+01
8.625791e+01
8.625791e+01
8.625791e+01
8.625791e+01
8.625791e+01
8.625791e+01
8.625791e+01
8.625791e+01
8.625791e+01
8.625791e+01
8.625791e+01
8.625791e+01
8.625791e+01
8.625791e+01
8.625791e+01
8.625791e+01
8.625791e+01
8.625791e+01
8.625791e+01
8.625791e+01
8.625791e+01
8.625791e+01
8.625791e+01
8.625791e+01
8.625791e+01
8.625791e+01
8.625791e+01
8.625791e+01
8.625791e+01
8.625791e+01
8.625791e+01
8.625791e+01
8.625791e+01
8.625791e+01
8.625791e+01
8.625791e+01
8.625791e+01
8.625791e+01
8.625791e+01
8.625791e+01
8.625791e+01
8.625791e+01
8.625791e+01
8.625791e+01
8.625791e+01
8.625791e+01
8.625791e+01
8.625791e+01
8.625791e+01
8.625791e+01
8.625791e+01
8.625791e+01
8.625791e+01
8.625791e+01
8.625791e+01
8.625791e+01
8.625791e+01
8.625791e+01
8.625791e+01
8.625791e+01
8.625791e+01
8.625791e+01
8.625791e+01
8.625791e+01
8.625791e+01
8.625791e+01
8.625791e+01
8.625791e+01
8.625791e+01
8.625791e+01
8.625791e+01
8.625791e+01
8.625791e+01
8.625791e+01
8.625791e+01
8.625791e+01
8.625791e+01
8.625791e+01
8.625791e+01
8.625791e+01
8.625791e+01
8.625791e+01
8.625791e+01
8.625791e+01
8.625791e+01
8.625791e+01
8.625791e+01
8.625791e+01
8.625791e+01
8.625791e+01
8.625791e+01
8.625791e+01
8.625791e+01
8.625791e+01
8.625791e+01
8.625791e+01
8.625791e+01
8.625791e+01
8.625791e+01
8.625791e+01
8.625791e+01
8.625791e+01
8.625791e+01
8.625791e+01
8.625791e+01
8.625791e+01
8.625791e+01
8.625791e+01
8.625791e+01
8.625791e+01
8.625791e+01
8.625791e+01
8.625791e+01
8.625791e+01
8.625791e+01
8.625791e+01
8.625791e+01
8.625791e+01
8.625791e+01
8.625791e+01
8.625791e+01
8.625791e+01
8.625791e+01
8.625791e+01
8.625791e+01
8.625791e+01
8.625791e+01
8.625791e+01
8.625791e+01
8.625791e+01
8.625791e+01
8.625791e+01
8.625791e+01
8.625791e+01
8.625791e+01
8.625791e+01
8.625791e+01
8.625791e+01
8.625791e+01
8.625791e+01
8.625791e+01
8.625791e+01
8.625791e+01
8.625791e+01
8.625791e+01
8.625791e+01
8.625791e+01
8.625791e+01
8.625791e+01
8.625791e+01
8.625791e+01
8.625791e+01
8.625791e+01
8.625791e+01
8.625791e+01
8.625791e+01
8.625791e+01
8.625791e+01
8.625791e+01
8.625791e+01
8.625791e+01
8.625791e+01
8.625791e+01
8.625791e+01
8.625791e+01
8.625791e+01
8.625791e+01
8.625791e+01
8.625791e+01
8.625791e+01
8.625791e+01
8.625791e+01
8.625791e+01
8.625791e+01
8.625791e+01
8.625791e+01
8.625791e+01
8.625791e+01
8.625791e+01
8.625791e+01
8.625791e+01
8.625791e+01
8.625791e+01
8.625791e+01
8.625791e+01
8.625791e+01
8.625791e+01
8.625791e+01
8.625791e+01
8.625791e+01
8.625791e+01
8.625791e+01
8.625791e+01
8.625791e+01
8.625791e+01
8.625791e+01
8.625791e+01
8.625791e+01
8.625791e+01
8.625791e+01
8.625791e+01
8.625791e+01
8.625791e+01
8.625791e+01
8.625791e+01
8.625791e+01
8.625791e+01
8.625791e+01
8.625791e+01
8.625791e+01
8.625791e+01
8.625791e+01
8.625791e+01
8.625791e+01
8.625791e+01
8.625791e+01
8.625791e+01
8.625791e+01
8.625791e+01
8.625791e+01
8.625791e+01
8.625791e+01
8.625791e+01
8.625791e+01
8.625791e+01
8.625791e+01
8.625791e+01
8.625791e+01
8.625791e+01
8.625791e+01
8.625791e+01
8.625791e+01
8.625791e+01
8.625791e+01
8.625791e+01
8.625791e+01
8.625791e+01
8.625791e+01
8.625791e+01
8.625791e+01
8.625791e+01
8.625791e+01
8.625791e+01
8.625791e+01
8.625791e+01
8.625791e+01
8.625791e+01
8.625791e+01
8.625791e+01
8.625791e+01
8.625791e+01
8.625791e+01
8.625791e+01
8.625791e+01
8.625791e+01
8.625791e+01
8.625791e+01
8.625791e+01
8.625791e+01
8.625791e+01
8.625791e+01
8.625791e+01
8.625791e+01
8.625791e+01
8.625791e+01
8.625791e+01
8.625791e+01
8.625791e+01
8.625791e+01
8.625791e+01
8.625791e+01
8.625791e+01
8.625791e+01
8.625791e+01
8.625791e+01
8.625791e+01
8.625791e+01
8.625791e+01
8.625791e+01
8.625791e+01
8.625791e+01
8.625791e+01
8.625791e+01
8.625791e+01
8.625791e+01
8.625791e+01
8.625791e+01
8.625791e+01
8.625791e+01
8.625791e+01
8.625791e+01
8.625791e+01
8.625791e+01
8.625791e+01
8.625791e+01
8.625791e+01
8.625791e+01
8.625791e+01
8.625791e+01
8.625791e+01
8.625791e+01
8.625791e+01
8.625791e+01
8.625791e+01
8.625791e+01
8.625791e+01
8.625791e+01
8.625791e+01
8.625791e+01
8.625791e+01
8.625791e+01
8.625791e+01
8.625791e+01
8.625791e+01
8.625791e+01
8.625791e+01
8.625791e+01
8.625791e+01
8.625791e+01
8.625791e+01
8.625791e+01
8.625791e+01
8.625791e+01
8.625791e+01
8.625791e+01
8.625791e+01
8.625791e+01
8.625791e+01
8.625791e+01
8.625791e+01
8.625791e+01
8.625791e+01
8.625791e+01
8.625791e+01
8.625791e+01
8.625791e+01
8.625791e+01
8.625791e+01
8.625791e+01
8.625791e+01
8.625791e+01
8.625791e+01
8.625791e+01
8.625791e+01
8.625791e+01
8.625791e+01
8.625791e+01
8.625791e+01
8.625791e+01
8.625791e+01
8.625791e+01
8.625791e+01
8.625791e+01
8.625791e+01
8.625791e+01
8.625791e+01
8.625791e+01
8.625791e+01
8.625791e+01
8.625791e+01
8.625791e+01
8.625791e+01
8.625791e+01
8.625791e+01
8.625791e+01
8.625791e+01
8.625791e+01
8.625791e+01
8.625791e+01
8.625791e+01
8.625791e+01
8.625791e+01
8.625791e+01
8.625791e+01
8.625791e+01
8.625791e+01
8.625791e+01
8.625791e+01
8.625791e+01
8.625791e+01
8.625791e+01
8.625791e+01
8.625791e+01
8.625791e+01
8.625791e+01
8.625791e+01
8.619811e+01
8.619811e+01
8.619811e+01
8.619811e+01
8.619811e+01
8.619811e+01
8.619811e+01
8.619811e+01
8.619811e+01
8.619811e+01
8.619811e+01
8.619811e+01
8.619811e+01
8.619811e+01
8.619811e+01
8.619811e+01
8.619811e+01
8.619811e+01
8.619811e+01
8.619811e+01
8.619811e+01
8.619811e+01
8.619811e+01
8.619811e+01
8.619811e+01
8.619811e+01
8.619811e+01
8.619811e+01
8.619811e+01
8.619811e+01
8.619811e+01
8.619811e+01
8.619811e+01
8.619811e+01
8.619811e+01
8.619811e+01
8.619811e+01
8.619811e+01
8.619811e+01
8.619811e+01
8.619811e+01
8.619811e+01
8.619811e+01
8.619811e+01
8.619811e+01
8.619811e+01
8.619811e+01
8.619811e+01
8.619811e+01
8.619811e+01
8.619811e+01
8.619811e+01
8.619811e+01
8.619811e+01
8.619811e+01
8.619811e+01
8.619811e+01
8.619811e+01
8.619811e+01
8.619811e+01
8.619811e+01
8.619811e+01
8.619811e+01
8.619811e+01
8.619811e+01
8.619811e+01
8.619811e+01
8.619811e+01
8.619811e+01
8.619811e+01
8.619811e+01
8.619811e+01
8.619811e+01
8.619811e+01
8.619811e+01
8.619811e+01
8.619811e+01
8.619811e+01
8.619811e+01
8.619811e+01
8.619811e+01
8.619811e+01
8.619811e+01
8.619811e+01
8.619811e+01
8.619811e+01
8.619811e+01
8.619811e+01
8.619811e+01
8.619811e+01
8.619811e+01
8.619811e+01
8.619811e+01
8.619811e+01
8.619811e+01
8.619811e+01
8.619811e+01
8.619811e+01
8.619811e+01
8.619811e+01
8.619811e+01
8.619811e+01
8.619811e+01
8.619811e+01
8.619811e+01
8.619811e+01
8.619811e+01
8.619811e+01
8.619811e+01
8.619811e+01
8.619811e+01
8.619811e+01
8.619811e+01
8.619811e+01
8.619811e+01
8.619811e+01
8.619811e+01
8.619811e+01
8.619811e+01
8.619811e+01
8.619811e+01
8.619811e+01
8.619811e+01
8.619811e+01
8.619811e+01
8.619811e+01
8.619811e+01
8.619811e+01
8.619811e+01
8.619811e+01
8.619811e+01
8.619811e+01
8.619811e+01
8.619811e+01
8.619811e+01
8.619811e+01
8.619811e+01
8.619811e+01
8.619811e+01
8.619811e+01
8.619811e+01
8.619811e+01
8.619811e+01
8.619811e+01
8.619811e+01
8.619811e+01
8.619811e+01
8.619811e+01
8.619811e+01
8.619811e+01
8.619811e+01
8.619811e+01
8.619811e+01
8.619811e+01
8.619811e+01
8.619811e+01
8.619811e+01
8.619811e+01
8.619811e+01
8.619811e+01
8.619811e+01
8.619811e+01
8.619811e+01
8.619811e+01
8.619811e+01
8.619811e+01
8.619811e+01
8.619811e+01
8.619811e+01
8.619811e+01
8.619811e+01
8.619811e+01
8.619811e+01
8.619811e+01
8.619811e+01
8.619811e+01
8.619811e+01
8.619811e+01
8.619811e+01
8.619811e+01
8.619811e+01
8.619811e+01
8.619811e+01
8.619811e+01
8.619811e+01
8.619811e+01
8.619811e+01
8.619811e+01
8.619811e+01
8.619811e+01
8.619811e+01
8.619811e+01
8.619811e+01
8.619811e+01
8.619811e+01
8.619811e+01
8.619811e+01
8.619811e+01
8.619811e+01
